No,Nama,Simpanan_Minggu_1,Simpanan_Minggu_2,Simpanan_Minggu_3,Simpanan_Minggu_4,Total_Tabungan
1,Ahmad,10000,10000,15000,10000,45000
2,Budi,15000,10000,10000,15000,50000
3,Citra,10000,15000,10000,10000,45000
4,Dina,20000,15000,15000,20000,70000
5,Eko,10000,10000,10000,10000,40000
6,Fajar,15000,15000,10000,15000,55000
7,Gita,10000,20000,15000,10000,55000
8,Hana,20000,10000,20000,15000,65000
9,Ilham,10000,15000,10000,15000,50000
10,Jihan,15000,20000,15000,20000,70000
11,Kevin,10000,10000,15000,10000,45000
12,Laila,20000,15000,20000,15000,70000
13,Maya,15000,10000,15000,10000,50000
14,Nanda,10000,15000,10000,20000,
